8
-6.885197977537459 107.61363124140827 Simpang_McD
-6.893230308377716 107.61045894526995 Pintu_Depan_ITB
-6.887406181404718 107.61147964679893 Pintu_Belakang_ITB
-6.887668640762784 107.6099357811419 Sabuga 
-6.8849556605877895 107.60889485122986 Saraga 
-6.893748066106445 107.61301778947728 RS_Borromeus 
-6.896843605078915 107.60959548472069 Pelesiran 
-6.883514902379118 107.61459266960694 Tubagus_Ismail 
0 0 1 0 0 0 0 1     
0 0 0 0 0 1 1 0        
1 0 0 1 0 0 0 0     
0 0 1 0 0 0 0 0      
0 0 0 0 0 0 0 0     
0 1 0 0 0 0 0 1      
0 1 0 0 0 0 0 0     
1 0 0 0 0 1 0 0     